000002
000003
000004
000005
000006
000007
000008
000010
000012
000013
000014
000015
000016
000017
000018
000020
000022
000023
000024
000025
000026
000027
000028
000030
000032
000033
000034
000035
000036
000037
000038
000040
000042
000043
000044
000045
000046
000047
000048
000050
000052
000053
000054
000055
000056
000057
000058
000060
000062
000063
000064
000065
000066
000067
000068
000070
000072
000073
000074
000075
000076
000077
000078
000080
000082
000083
000084
000085
000086
000087
000088
000090
000092
000093
000094
000095
000096
000097
000098
000100
000102
000103
000104
000105
000106
000107
000108
000110
000112
000113
000114
000115
000116
000117
000118
000120
000122
000123
000124
000125
000126
000127
000128
000130
000132
000133
000134
000135
000136
000137
000138
000140
000142
000143
000144
000145
000146
000147
000148
000150
000152
000153
000154
000155
000156
000157
000158
000160
000162
000163
000164
000165
000166
000167
000168
000170
000172
000173
000174
000175
000176
000177
000178
000180
000182
000183
000184
000185
000186
000187
000188
000190
000192
000193
000194
000195
000196
000197
000198
000200
000202
000203
000204
000205
000206
000207
000208
000210
000212
000213
000214
000215
000216
000217
000218
000220
000222
000223
000224
000225
000226
000227
000228
000230
000232
000233
000234
000235
000236
000237
000238
000240
000242
000243
000244
000245
000246
000247
000248
000250
000252
000253
000254
000255
000256
000257
000258
000260
000262
000263
000264
000265
000266
000267
000268
000270
000272
000273
000274
000275
000276
000277
000278
000280
000282
000283
000284
000285
000286
000287
000288
000290
000292
000293
000294
000295
000296
000297
000298
000300
000302
000303
000304
000305
000306
000307
000308
000310
000312
000313
000314
000315
000316
000317
000318
000320
000322
000323
000324
000325
000326
000327
000328
000330
000332
000333
000334
000335
000336
000337
000338
000340
000342
000343
000344
000345
000346
000347
000348
000350
000352
000353
000354
000355
000356
000357
000358
000360
000362
000363
000364
000365
000366
000367
000368
000370
000372
000373
000374
000375
000376
000377
000378
000380
000382
000383
000384
000385
000386
000387
000388
000390
000392
000393
000394
000395
000396
000397
000398
000400
000402
000403
000404
000405
000406
000407
000408
000410
000412
000413
000414
000415
000416
000417
000418
000420
000422
000423
000424
000425
000426
000427
000428
000430
000432
000433
000434
000435
000436
000437
000438
000440
000442
000443
000444
000445
000446
000447
000448
000450
000452
000453
000454
000455
000456
000457
000458
000460
000462
000463
000464
000465
000466
000467
000468
000470
000472
000473
000474
000475
000476
000477
000478
000480
000482
000483
000484
000485
000486
000487
000488
000490
000492
000493
000494
000495
000496
000497
000498
000500
000502
000503
000504
000505
000506
000507
000508
000510
000512
000513
000514
000515
000516
000517
000518
000520
000522
000523
000524
000525
000526
000527
000528
000530
000532
000533
000534
000535
000536
000537
000538
000540
000542
000543
000544
000545
000546
000547
000548
000550
000552
000553
000554
000555
000556
000557
000558
000560
000562
000563
000564
000565
000566
000567
000568
000570
000572
000573
000574
000575
000576
000577
000578
000580
000582
000583
000584
000585
000586
000587
000588
000590
000592
000593
000594
000595
000596
000597
000598
000600
000602
000603
000604
000605
000606
000607
000608
000610
000612
000613
000614
000615
000616
000617
000618
000620
000622
000623
000624
000625
000626
000627
000628
000630
000632
000633
000634
000635
000636
000637
000638
000640
000642
000643
000644
000645
000646
000647
000648
000650
000652
000653
000654
000655
000656
000657
000658
000660
000662
000663
000664
000665
000666
000667
000668
000670
000672
000673
000674
000675
000676
000677
000678
000680
000682
000683
000684
000685
000686
000687
000688
000690
000692
000693
000694
000695
000696
000697
000698
000700
000702
000703
000704
000705
000706
000707
000708
000710
000712
000713
000714
000715
000716
000717
000718
000720
000722
000723
000724
000725
000726
000727
000728
000730
000732
000733
000734
000735
000736
000737
000738
000740
000742
000743
000744
000745
000746
000747
000748
000750
000752
000753
000754
000755
000756
000757
000758
000760
000762
000763
000764
000765
000766
000767
000768
000770
000772
000773
000774
000775
000776
000777
000778
000780
000782
000783
000784
000785
000786
000787
000788
000790
000792
000793
000794
000795
000796
000797
000798
000800
000802
000803
000804
000805
000806
000807
000808
000810
000812
000813
000814
000815
000816
000817
000818
000820
000822
000823
000824
000825
000826
000827
000828
000830
000832
000833
000834
000835
000836
000837
000838
000840
000842
000843
000844
000845
000846
000847
000848
000850
000852
000853
000854
000855
000856
000857
000858
000860
000862
000863
000864
000865
000866
000867
000868
000870
000872
000873
000874
000875
000876
000877
000878
000880
000882
000883
000884
000885
000886
000887
000888
000890
000892
000893
000894
000895
000896
000897
000898
000900
000902
000903
000904
000905
000906
000907
000908
000910
000912
000913
000914
000915
000916
000917
000918
000920
000922
000923
000924
000925
000926
000927
000928
000930
000932
000933
000934
000935
000936
000937
000938
000940
000942
000943
000944
000945
000946
000947
000948
000950
000952
000953
000954
000955
000956
000957
000958
000960
000962
000963
000964
000965
000966
000967
000968
000970
000972
000973
000974
000975
000976
000977
000978
000980
000982
000983
000984
000985
000986
000987
000988
000990
000992
000993
000994
000995
000996
000997
000998
001000
001002
001003
001004
001005
001006
001007
001008
001010
001012
001013
001014
001015
001016
001017
001018
001020
001022
001023
001024
001025
001026
001027
001028
001030
001032
001033
001034
001035
001036
001037
001038
001040
001042
001043
001044
001045
001046
001047
001048
001050
001052
001053
001054
001055
001056
001057
001058
001060
001062
001063
001064
001065
001066
001067
001068
001070
001072
001073
001074
001075
001076
001077
001078
001080
001082
001083
001084
001085
001086
001087
001088
001090
001092
001093
001094
001095
001096
001097
001098
001100
001102
001103
001104
001105
001106
001107
001108
001110
001112
001113
001114
001115
001116
001117
001118
001120
001122
001123
001124
001125
001126
001127
001128
001130
001132
001133
001134
001135
001136
001137
001138
001140
001142
001143
001144
001145
001146
001147
001148
001150
001152
001153
001154
001155
001156
001157
001158
001160
